3537	1745
416	440
438	1309
435	436
426	442
431	447
416	442
425	448
420	446
437	429
428	440
428	453
414	440
434	433
428	1333
337	519
432	441
432	477
386	472
394	441
439	433
425	476
323	1386
428	1246
510	1310
440	461
335	532
395	1330
420	484
383	474
408	459
395	473
394	459
414	473
400	450
418	468
394	446
433	462
395	478
394	469
400	471
401	438
424	474
394	443
436	462
315	553
399	469
395	472
400	484
388	468
406	468
389	472
343	503
426	464
394	486
383	406
461	483
390	477
401	1303
434	1317
440	479
388	467
407	432
437	459
369	463
428	10289
3589	1743
420	456
413	1332
419	449
362	532
395	475
400	481
384	491
378	483
396	478
392	472
355	525
391	468
397	486
383	1337
415	477
393	480
379	465
429	466
405	464
400	501
369	449
480	1261
511	1274
446	1239
499	437
445	398
468	1273
474	400
469	401
468	458
406	415
454	422
469	397
417	448
469	412
453	405
464	404
477	400
458	411
458	414
428	1321
465	406
465	404
464	1285
478	1273
466	1285
467	405
464	414
475	393
495	382
424	437
465	1387
454	1283
480	1283
468	397
465	408
471	412
457	458
416	398
473	425
445	392
478	391
468	402
508	1304
428	1256
488	1262
502	1251
425	1326
438	437
430	1327
418	466
403	1353
391	1318
446	460
446	1269
431	1283
478	464
396	480
401	462
441	448
385	474
401	468
466	344
462	472
401	441
417	475
369	482
418	448
429	481
383	1329
421	1318
391	1377
416	476
394	488
381	480
401	473
393	476
343	498
427	470
394	476
393	397
472	1318
444	1321
423	1314
432	448
421	476
393	476
405	471
388	476
398	469
395	1337
426	446
431	439
420	480
393	482
384	446
423	476
393	447
435	441
416	485
404	439
428	1320
425	1316
445	469
387	476
393	476
399	454
410	1330
421	449
432	464
393	445
436	435
423	441
428	492
377	449
421	457
421	477
392	475
393	1332
420	467
402	1322
430	480
389	447
421	1334
416	1319
436	1331
428	463
509	1203
438	1327
418	1333
418	1319
432	1304
435	