3553	1694
467	415
451	1170
598	385
465	431
436	418
451	418
449	415
453	524
348	430
438	405
474	394
467	400
463	417
450	1284
478	394
462	434
438	457
411	404
463	416
458	319
548	424
437	1219
530	1285
465	1293
495	386
440	401
477	1282
463	422
441	439
427	439
430	427
481	391
483	390
476	392
475	388
440	427
481	400
497	357
482	391
479	389
480	387
487	429
434	398
469	337
499	418
440	434
433	434
418	460
427	430
444	409
452	409
470	419
438	405
472	400
466	397
463	420
457	436
432	1278
465	1284
466	416
452	404
468	399
469	416
459	383
462	10308
3575	1699
444	436
453	1288
490	367
476	407
462	407
473	402
529	335
464	414
463	407
462	407
463	406
463	407
474	394
463	1287
465	420
449	416
462	407
473	396
461	414
454	410
468	400
463	1298
452	1286
465	1287
464	418
451	406
462	1289
463	407
472	397
430	440
463	418
451	277
606	402
474	395
473	396
462	408
462	407
461	409
462	354
516	415
463	411
458	413
455	408
461	1288
463	331
540	407
474	395
462	417
473	395
466	1284
464	418
457	405
469	1290
460	1289
452	418
452	415
468	401
463	412
457	412
459	412
462	401
463	418
452	416
452	1297
453	1285
465	1287
465	1285
477	1274
466	405
432	1333
455	400
463	1285
475	1287
467	403
457	1294
453	1301
451	431
438	406
453	417
463	451
431	428
438	426
455	419
441	429
481	393
436	438
455	420
385	489
394	467
396	1422
415	1333
416	1352
404	422
442	478
403	452
405	481
387	458
420	474
401	479
384	441
428	474
406	1308
436	1324
427	1313
433	479
390	475
394	448
422	486
389	469
395	473
400	1312
447	475
391	474
395	489
390	464
396	447
423	451
418	473
396	474
396	452
426	472
396	1329
426	1314
434	473
408	461
396	458
416	480
384	1329
422	473
408	468
422	442
401	479
384	485
390	564
312	462
396	486
391	456
414	473
396	1317
434	439
429	1317
435	479
391	439
439	1307
440	534
329	447
422	1318
438	441
424	473
396	484
389	1345
415	1284
435	