3432	1667
454	1282
433	437
409	459
400	455
403	476
382	448
410	475
383	484
351	506
382	475
382	476
382	447
410	1280
447	446
382	474
388	490
375	437
414	479
378	480
376	448
409	1280
416	1296
401	479
378	453
416	470
387	441
410	474
382	478
378	1293
458	390
411	1296
401	468
396	1281
375	1333
430	1255
415	1283
360	528
383	1283
414	454
402	1307
340	532
388	469
388	468
388	522
339	440
417	440
416	461
383	454
416	1249
442	1296
120	1575
406	1279
413	1296
374	1328
401	1292
400	1305
401	461
396	1283
420	466
385	472
419	418
466	384
442	440
407	457
408	1259
438	423
443	1260
430	1248
444	1271
437	1266
420	1268
439	1278
418	440
417	1276
421	406
450	478
389	463
392	473
378	1285
413	1281
419	1278
440	424
416	1271
426	1271
432	1281
405	1277
426	468
383	482
389	30559
3363	1699
411	1305
401	469
378	479
378	445
417	438
415	454
409	482
375	447
413	475
382	454
388	456
414	444
418	1290
411	432
424	464
333	501
412	475
382	443
418	510
350	469
387	1270
415	1281
420	509
352	447
408	443
424	462
386	451
401	452
403	1289
418	462
396	1266
416	453
415	1277
425	1272
418	1275
416	1296
418	433
418	1271
418	452
399	1293
413	451
405	478
352	499
388	468
383	445
411	456
399	473
383	487
306	1355
417	1270
420	1286
453	1240
418	1280
412	1284
380	1330
406	1297
402	447
409	1284
413	472
383	473
384	528
351	423
434	422
434	456
409	1258
443	363
493	1254
437	1272
429	1211
480	1278
419	1290
407	1228
477	479
377	1289
412	443
414	482
374	412
445	443
407	1291
411	1293
406	1290
406	474
383	1278
482	1153
486	1270
420	1278
424	468
383	443
421	30579
3362	1683
455	1243
425	481
371	440
418	440
451	440
384	479
377	455
407	478
383	453
403	475
393	429
427	437
413	1287
410	400
451	444
423	477
388	433
412	453
407	453
403	479
371	1293
403	1280
416	485
375	479
387	436
414	445
422	467
303	518
421	1285
401	439
417	1292
414	446
412	1276
420	1288
413	1255
431	1295
407	398
462	1284
413	462
388	1289
418	452
404	467
383	473
383	445
378	519
370	485
371	445
416	449
422	1272
375	1321
410	1295
411	1276
363	1344
405	1279
423	1275
361	1344
411	449
414	1278
426	432
387	472
436	444
407	434
428	432
428	421
434	1271
424	448
413	1283
407	1276
340	1342
441	1354
336	1282
425	1282
418	449
402	1283
414	449
407	444
416	440
412	453
408	1290
400	1291
435	1261
421	448
438	1260
400	1282
415	1282
415	1282
426	431
399	469
409	30588
3346	1697
421	1281
418	475
384	486
376	469
388	440
412	485
372	474
429	437
387	437
421	448
403	431
425	480
377	1280
422	448
403	443
413	495
469	355
414	439
417	430
415	473
387	1275
421	1290
412	468
377	465
400	458
398	485
371	479
376	449
407	1295
401	455
400	1293
402	488
388	1271
413	1339
366	1286
402	1294
402	459
397	1251
455	464
383	1292
413	473
383	473
383	473
383	450
418	465
379	447
403	489
371	493
372	1284
411	1296
446	1253
396	1286
410	1296
356	1329
417	1280
411	1305
332	516
420	1274
412	429
460	501
358	410
433	448
408	422
440	436
423	1259
448	416
428	1261
442	1255
435	1273
435	1274
416	1280
489	1216
442	424
444	1255
434	411
440	407
449	417
439	417
438	1257
440	1224
490	1263
436	406
438	1270
425	1259
439	1258
439	1258
445	423
433	415
452	30521
3391	1678
472	1240
461	384
483	375
482	385
477	370
472	397
398	459
397	458
408	447
421	440
404	453
470	381
471	1184
514	388
469	383
473	397
442	409
473	383
480	337
523	371
474	1231
459	1225
482	313
537	390
491	370
469	382
478	388
467	388
469	1214
475	387
468	1220
482	393
471	1213
489	1205
532	1165
477	1219
477	380
543	1165
469	376
474	1228
490	368
475	382
397	457
479	390
468	387
462	385
471	381
485	385
469	1217
477	1217
491	1207
487	1219
466	1247
449	1219
477	1219
478	1363
356	398
457	1216
473	413
444	388
464	455
401	380
476	410
457	378
461	1232
483	316
545	1208
490	1205
478	1184
523	1232
465	1231
460	1190
515	398
463	1231
716	161
500	349
440	324
538	398
453	1254
494	1198
459	1251
441	408
448	1255
441	1255
442	1243
454	1243
467	405
444	411
441	