3371	1715
406	1294
412	440
412	477
332	526
382	480
378	488
374	472
381	485
381	476
381	476
382	475
459	407
378	1293
400	474
397	459
394	472
381	475
386	449
402	475
382	475
381	1284
504	1205
400	475
381	482
383	474
395	461
341	524
372	487
369	1291
406	478
377	1294
406	488
372	1264
432	1282
339	1356
415	1306
391	477
380	1291
405	472
389	1256
444	481
375	471
385	476
380	481
380	476
380	465
439	416
456	409
452	1213
482	1214
479	1216
475	1219
423	1273
480	1228
476	1208
500	1206
441	1254
497	1214
428	445
475	382
411	424
432	444
412	449
418	442
396	432
439	455
400	1255
441	1254
442	1254
441	1282
413	1296
401	1308
403	466
389	1292
410	465
443	419
374	485
370	483
374	1341
354	1319
390	1274
417	443
412	1275
348	1360
409	1272
425	1292
315	568
380	446
414	30557
3347	1696
421	1292
418	432
420	470
382	453
404	475
382	474
393	437
366	507
405	470
382	486
369	512
344	479
377	1294
402	454
402	485
376	476
383	474
381	474
382	443
416	441
410	1216
479	1297
398	450
410	477
388	439
416	469
382	446
419	463
381	1280
415	473
386	1276
426	471
393	1270
419	1287
402	1282
413	1293
402	473
383	1273
435	460
395	1280
417	468
383	484
377	416
444	463
394	466
377	474
382	472
388	476
389	1288
413	1284
399	1294
406	1277
414	1282
414	1294
407	1277
446	1257
421	1274
417	1285
445	438
421	440
471	380
415	441
410	446
410	459
417	433
411	445
332	1348
431	1263
428	1254
453	1273
413	1279
417	1292
424	460
391	1278
440	472
357	471
396	440
404	471
390	1277
414	1302
414	1271
419	465
392	1288
402	1284
422	1272
477	1220
413	474
393	466
381	30563
3422	1661
464	1235
466	407
449	408
459	403
442	410
444	413
425	382
492	429
356	500
368	489
356	495
424	433
417	1265
445	431
413	441
402	458
424	432
365	503
353	495
356	501
354	1305
390	1307
389	494
361	510
355	500
394	462
377	473
388	478
371	1285
422	461
395	1271
418	475
384	1352
356	1269
413	1297
404	1291
412	459
399	1266
415	472
383	1303
413	466
389	462
384	484
371	483
373	483
371	476
391	483
373	473
319	1369
385	1280
416	1279
367	1330
415	1281
425	1272
351	1346
420	1284
415	1281
355	1355
403	482
374	407
458	462
397	463
405	424
430	455
410	446
410	455
401	1256
438	1257
445	1265
425	1283
424	1274
411	1292
412	448
408	1297
342	529
389	467
389	479
371	525
331	1283
352	1353
412	1352
354	461
395	1275
410	1062
634	1286
410	1297
405	477
378	480
373	